0 0.35544340302811817 0.8464311463590483 0.10093727469358324 0.27397260273972607
0 0.4578226387887521 0.8565248738284061 0.08651766402307141 0.25666906993511096
0 0.24405191059841372 0.8536409516943041 0.09589041095890406 0.26243691420331616
0 0.13554434030281182 0.8637346791636625 0.08940158615717378 0.24513338139870233
0 0.04181687094448451 0.8543619322278296 0.08074981975486666 0.24945926459985526
0 0.5645277577505409 0.8521989906272528 0.09805335255948065 0.26532083633741854
0 0.6697909156452776 0.8493150684931505 0.10093727469358328 0.2739726027397261
0 0.7732516222062001 0.8550829127613554 0.09012256669069928 0.2624369142033166
0 0.8813987022350396 0.8493150684931507 0.09300648882480175 0.26532083633741893
0 0.966113914924297 0.8480173013325466 0.06777217015140594 0.2627253020162108
0 0.04037490987743331 0.5594808940158615 0.08074981975486661 0.25090122566690704
0 0.13121845710165825 0.5912040374909878 0.09084354722422494 0.19899062725306466
0 0.24585436193222776 0.5587599134823359 0.09949531362653216 0.2609949531362653
0 0.44844989185291995 0.5645277577505408 0.09228550829127613 0.25234318673395817
0 0.5594808940158615 0.5609228550829127 0.09084354722422498 0.25666906993511174
0 0.6694304253785147 0.5573179524152847 0.10742609949531357 0.258111031002163
0 0.7736121124729631 0.5710165825522711 0.09516943042537857 0.23936553713049746
0 0.8842826243691424 0.5652487382840663 0.09156452775774966 0.25090122566690715
0 0.9653929343907715 0.5688536409516942 0.06921413121845717 0.23503965392934384
0 0.04145638067772169 0.27036770007209804 0.0814708002883922 0.23215573179524152
0 0.12725306416726748 0.28262436914203315 0.09012256669069935 0.21629416005767843
0 0.24333093006488823 0.27469358327325144 0.11031002162941596 0.22638788752703656
0 0.35183850036049025 0.26171593366979096 0.0951694304253785 0.2581110310021629
0 0.4531362653208365 0.2617159336697909 0.09156452775775036 0.26099495313626525
0 0.5583994232155731 0.273972602739726 0.08723864455659694 0.2307137707281903
0 0.6669069935111751 0.2948810382119682 0.10093727469358318 0.19466474405191067
0 0.7721701514059116 0.2941600576784426 0.1023792357606344 0.19899062725306405
0 0.8810382119682771 0.2819033886085075 0.09372746935832721 0.22062004325883197
0 0.9650324441240085 0.27974044700793077 0.06849315068493154 0.22782984859408795
0 0.8788752703677001 0.046142754145638065 0.08651766402307146 0.09228550829127613
0 0.24152847873107425 0.043979812545061295 0.10958904109589032 0.08507570295602021
0 0.4455659697188176 0.045421773612112484 0.10526315789473678 0.08795962509012258
0 0.5620043258832009 0.043979812545061295 0.09012256669069925 0.08795962509012259
0 0.6683489545782264 0.04686373467916367 0.10958904109589042 0.09084354722422494
0 0.7761355443403027 0.05046863734679163 0.09012256669069942 0.0951694304253785
